0	24.1858
0.1	24.3896
0.2	24.5721
0.3	22.2244
0.4	20.599
0.5	19.4427
0.6	18.6693
0.7	17.7642
0.8	16.9147
0.9	15.6991
1	14.8212
1.1	15.0955
1.2	14.8202
1.3	15.3223
1.4	16.4105
1.5	17.0033
1.6	17.615
1.7	17.7855
1.8	17.8445
1.9	17.9466
2	18.4449
2.1	19.2618
2.2	19.6942
2.3	19.4564
2.4	18.4381
2.5	17.5978
2.6	16.7951
2.7	16.6405
2.8	16.3457
2.9	16.4459
3	16.5508
3.1	16.657
3.2	17.6658
3.3	18.3047
3.4	18.4751
3.5	18.6856
3.6	19.1798
3.7	19.4681
3.8	19.3404
3.9	18.9419
4	18.2027
4.1	17.2629
4.2	15.7806
4.3	14.9644
4.4	14.6876
4.5	14.2541
4.6	13.3312
4.7	12.5938
4.8	12.4997
4.9	12.9674
5	13.5615
5.1	14.2619
5.2	16.0266
5.3	16.4365
5.4	17.4671
5.5	17.9699
5.6	19.4319
5.7	21.0191
5.8	21.444
5.9	21.5755
6	21.7466
6.1	21.269
6.2	19.9343
6.3	19.5746
6.4	19.0229
6.5	19.921
6.6	19.5518
6.7	19.4881
6.8	19.965
6.9	20.3026
7	21.2872
7.1	21.7534
7.2	23.4211
7.3	23.946
7.4	24.657
7.5	24.9679
7.6	25.0622
7.7	24.6322
7.8	24.3796
7.9	24.6136
8	24.0941
8.1	24.5343
8.2	23.554
8.3	23.648
8.4	23.2904
8.5	22.3371
8.6	21.9151
8.7	21.508
8.8	22.6274
8.9	23.1681
9	23.4279
9.1	22.9856
9.2	22.5648
9.3	22.4978
9.4	22.7078
9.5	23.1869
9.6	23.1744
9.7	23.1288
9.8	21.8489
9.9	20.3909
10	19.6424
10.1	19.3152
10.2	19.0978
10.3	18.3576
10.4	17.1577
10.5	15.9381
10.6	15.5541
10.7	17.5059
10.8	19.6991
10.9	22.1429
11	22.825
11.1	23.2227
11.2	25.1395
11.3	26.5094
11.4	29.0578
11.5	29.6761
11.6	31.0573
11.7	31.1423
11.8	30.2305
11.9	28.5577
12	28.3934
12.1	29.0243
12.2	27.5133
12.3	26.2627
12.4	23.8536
12.5	23.6464
12.6	21.5866
12.7	20.2834
12.8	19.7091
12.9	20.1353
13	19.1886
13.1	18.2388
13.2	18.662
13.3	18.6863
13.4	18.6117
13.5	20.2518
13.6	21.2767
13.7	21.3506
13.8	22.0653
13.9	22.8363
14	23.9455
14.1	23.5702
14.2	23.5423
14.3	23.6069
14.4	23.3328
14.5	21.12
14.6	20.5777
14.7	19.7477
14.8	18.6492
14.9	16.8126
15	15.2357
15.1	14.8591
15.2	13.802
15.3	13.2241
15.4	12.906
15.5	13.065
15.6	12.5631
15.7	12.9296
15.8	13.1467
15.9	13.29
16	13.4972
16.1	13.6134
16.2	13.638
16.3	14.1471
16.4	15.6845
16.5	21.2993
16.6	25.4732
16.7	26.9622
16.8	28.9554
16.9	30.0808
17	31.2304
17.1	31.7816
17.2	32.8216
17.3	33.2473
17.4	33.1039
17.5	30.5449
17.6	27.8237
17.7	26.8672
17.8	24.7121
17.9	24.7945
18	24.1273
18.1	24.3075
18.2	23.1837
18.3	23.1566
18.4	22.7961
18.5	23.119
18.6	22.5664
18.7	22.0577
18.8	22.5215
18.9	21.8489
19	21.958
19.1	21.74
19.2	22.6176
19.3	23.1431
19.4	24.4258
19.5	24.3882
19.6	25.2594
19.7	25.5501
19.8	25.2708
19.9	24.8953
20	24.0548
20.1	23.4741
20.2	22.5178
20.3	22.0959
20.4	20.6439
20.5	20.1481
20.6	19.2125
20.7	19.3099
20.8	19.358
20.9	19.464
21	19.761
21.1	20.5081
21.2	21.5376
21.3	22.4939
21.4	24.12
21.5	25.7218
21.6	27.0196
21.7	27.5566
21.8	27.7478
21.9	27.1979
22	26.6508
22.1	26.8016
22.2	28.4305
22.3	28.3967
22.4	28.2083
22.5	26.776
22.6	25.4214
22.7	25.3936
22.8	25.7352
22.9	26.0291
23	26.2638
23.1	25.6958
23.2	22.9562
23.3	21.4809
23.4	20.0309
23.5	19.1034
23.6	18.762
23.7	17.2938
23.8	16.2132
23.9	15.9026
24	15.9784
24.1	16.0476
24.2	16.7494
24.3	17.5784
24.4	18.0928
24.5	18.7568
24.6	18.9146
24.7	18.9759
24.8	19.2901
24.9	20.2574
25	20.8245
25.1	20.9082
25.2	20.4329
25.3	19.2995
25.4	18.3725
25.5	17.7966
25.6	17.556
25.7	17.5378
25.8	17.1131
25.9	17.1287
26	17.9317
26.1	18.0163
26.2	18.5918
26.3	18.8028
26.4	19.1478
26.5	19.6015
26.6	19.7835
26.7	19.646
26.8	19.315
26.9	18.1481
27	16.6886
27.1	16.0322
27.2	15.3874
27.3	15.2147
27.4	14.7871
27.5	14.0856
27.6	13.7105
27.7	13.4672
27.8	14.292
27.9	15.0547
28	16.2583
28.1	17.0769
28.2	17.454
28.3	18.0669
28.4	18.6381
28.5	20.0269
28.6	20.9187
28.7	21.2885
28.8	21.2563
28.9	20.9113
29	20.0253
29.1	19.3836
29.2	18.7531
29.3	18.7408
29.4	19.268
29.5	18.7712
29.6	19.2481
29.7	19.5034
29.8	20.3455
29.9	21.0863
30	22.0918
30.1	23.3413
30.2	23.8808
30.3	24.4556
30.4	24.9602
30.5	24.9429
30.6	24.2781
30.7	24.1694
30.8	24.1889
30.9	24.0053
31	23.8962
31.1	23.0917
31.2	23.5984
31.3	22.8338
31.4	22.0143
31.5	21.371
31.6	22.0157
31.7	22.8827
31.8	22.6949
31.9	23.16
32	22.389
32.1	22.4207
32.2	22.0035
32.3	22.5985
32.4	22.6391
32.5	22.7889
32.6	22.0007
32.7	20.8281
32.8	19.9528
32.9	19.0894
33	19.1106
33.1	18.5714
33.2	17.7836
33.3	16.3852
33.4	15.5166
33.5	15.3624
33.6	17.5086
33.7	21.3394
33.8	22.717
33.9	22.9226
34	23.6347
34.1	25.7312
34.2	27.1143
34.3	29.0299
34.4	30.1834
34.5	31.4285
34.6	31.2192
34.7	28.6995
34.8	28.1917
34.9	28.1378
35	28.3919
35.1	26.5464
35.2	25.3928
35.3	23.6556
35.4	22.4007
35.5	20.3636
35.6	19.6319
35.7	19.7725
35.8	19.0751
35.9	18.8025
36	17.664
36.1	17.9666
36.2	17.9136
36.3	18.9077
36.4	19.6249
36.5	20.5795
36.6	20.3301
36.7	21.3
36.8	21.7576
36.9	22.4975
37	22.3904
37.1	22.4805
37.2	22.3143
37.3	20.9
37.4	19.8124
37.5	19.0265
37.6	18.2398
37.7	16.5895
37.8	15.5794
37.9	14.004
38	13.4926
38.1	12.3589
38.2	11.9224
38.3	11.9597
38.4	11.9706
38.5	11.7944
38.6	11.8849
38.7	12.2665
38.8	12.3351
38.9	12.6039
39	12.7126
39.1	12.7084
39.2	13.4977
39.3	16.7791
39.4	21.178
39.5	24.4051
39.6	25.9147
39.7	27.3534
39.8	28.5048
39.9	29.2452
40	30.1801
40.1	31.0078
40.2	30.9308
40.3	29.9264
40.4	27.6413
40.5	25.2431
40.6	24.0442
40.7	22.8862
40.8	22.2939
40.9	22.1898
41	21.2957
41.1	20.6318
41.2	20.8958
41.3	20.6792
41.4	20.3995
41.5	19.8504
41.6	19.621
41.7	19.6726
41.8	19.6511
41.9	19.1877
42	19.3855
42.1	20.0513
42.2	21.0599
42.3	21.5059
42.4	21.8713
42.5	22.6344
42.6	22.6497
42.7	22.2904
42.8	21.6059
42.9	21.1434
43	20.6108
43.1	20.0108
43.2	18.7884
43.3	18.1266
43.4	17.3624
43.5	16.726
43.6	16.8601
43.7	16.8312
43.8	16.9418
43.9	17.4734
44	18.0588
44.1	18.5158
44.2	19.5546
44.3	20.9257
44.4	22.4121
44.5	24.0505
44.6	24.9697
44.7	25.7761
44.8	26.3917
44.9	27.3739
45	27.7862
45.1	27.7131
45.2	27.0817
45.3	26.0061
45.4	25.2275
45.5	23.4351
45.6	22.3175
45.7	21.995
45.8	21.5895
45.9	20.7091
46	20.0717
46.1	19.3741
46.2	19.3769
46.3	19.609
46.4	19.236
46.5	19.2606
46.6	18.9273
46.7	18.0869
46.8	17.6527
46.9	16.6326
47	16.3631
47.1	16.3355
47.2	15.8431
47.3	15.4173
47.4	14.839
47.5	15.1532
47.6	15.3119
47.7	15.9278
47.8	16.232
47.9	16.6556
48	16.8049
48.1	16.9113
48.2	17.3299
48.3	17.3909
48.4	17.7071
48.5	17.7192
48.6	17.8196
48.7	17.2073
48.8	16.7532
48.9	16.4946
49	16.3902
49.1	16.4521
49.2	16.0393
49.3	15.5896
49.4	15.235
49.5	14.9621
49.6	15.0585
49.7	15.7119
49.8	16.3877
49.9	16.4373
50	16.5589
50.1	16.5485
50.2	16.5905
50.3	16.7268
50.4	16.8017
50.5	16.8678
50.6	17.1588
50.7	18.1499
50.8	18.8781
50.9	19.4513
51	19.1335
51.1	19.5228
51.2	19.3713
51.3	19.8827
51.4	20.0533
51.5	20.3083
51.6	20.3825
51.7	19.56
51.8	18.6436
51.9	18.4355
52	19.4321
52.1	18.9642
52.2	19.3677
52.3	19.1246
52.4	19.276
52.5	19.4573
52.6	19.2051
52.7	19.8759
52.8	19.6644
52.9	19.9156
53	20.1697
53.1	20.8577
53.2	22.0694
53.3	22.0617
53.4	22.5789
53.5	23.1039
53.6	22.9159
53.7	22.1173
53.8	21.8049
53.9	21.2756
54	20.0074
54.1	19.1393
54.2	17.4751
54.3	16.9707
54.4	15.983
54.5	14.5451
54.6	14.7841
54.7	14.0926
54.8	14.2817
54.9	14.58
55	14.5555
55.1	14.4512
55.2	14.069
55.3	13.9503
55.4	14.1709
55.5	14.2332
55.6	14.1415
55.7	14.3692
55.8	14.3989
55.9	13.8463
56	14.0005
56.1	14.0926
56.2	13.9519
56.3	14.5102
56.4	16.7371
56.5	17.5298
56.6	18.0063
56.7	18.3169
56.8	19.2371
56.9	19.3058
57	19.5188
57.1	19.7051
57.2	20.2515
57.3	20.5041
57.4	18.2774
57.5	17.9703
57.6	17.6015
57.7	17.6481
57.8	17.1714
57.9	17.071
58	16.7495
58.1	17.041
58.2	17.0041
58.3	16.4072
58.4	16.4268
58.5	16.333
58.6	16.3032
58.7	16.0045
58.8	15.5603
58.9	15.8651
59	16.0174
59.1	15.4135
59.2	15.4872
59.3	15.6785
59.4	15.8913
59.5	15.5962
59.6	15.1386
59.7	15.0529
59.8	14.9349
59.9	14.5589
60	14.2806
60.1	15.2496
60.2	15.6025
60.3	15.3017
60.4	15.324
60.5	14.9538
60.6	15.543
60.7	15.5872
60.8	15.4924
60.9	15.6597
61	15.7989
61.1	15.1167
61.2	14.3024
61.3	14.4146
61.4	13.9055
61.5	13.5339
61.6	13.1698
61.7	13.2844
61.8	13.5204
61.9	13.254
62	13.3273
62.1	16.859
62.2	18.5466
62.3	20.2349
62.4	21.4519
62.5	22.7101
62.6	22.9642
62.7	23.4324
62.8	24.113
62.9	24.7085
63	25.7065
63.1	23.7911
63.2	24.1415
63.3	23.9935
63.4	23.4567
63.5	23.6812
63.6	23.7766
63.7	24.1179
63.8	24.2968
63.9	24.3648
64	24.4566
64.1	24.5466
64.2	23.9084
64.3	23.2657
64.4	23.4354
64.5	22.7603
64.6	22.5058
64.7	21.8505
64.8	21.2594
64.9	21.1202
65	20.0835
65.1	19.7276
65.2	18.6837
65.3	17.9258
65.4	17.655
65.5	17.1366
65.6	16.9319
65.7	16.8111
65.8	16.4549
65.9	15.7799
66	15.6064
66.1	15.5072
66.2	15.9236
66.3	16.1329
66.4	15.9461
66.5	15.8281
66.6	15.6804
66.7	15.7762
66.8	15.9164
66.9	16.5166
67	16.5194
67.1	16.3231
67.2	15.9366
67.3	16.2191
67.4	16.4155
67.5	16.3296
67.6	16.3887
67.7	17.0364
67.8	18.6032
67.9	19.4793
68	19.9424
68.1	20.8987
68.2	21.1072
68.3	21.1706
68.4	21.5756
68.5	22.0523
68.6	22.5374
68.7	22.6883
68.8	22.0541
68.9	21.6573
69	21.5199
69.1	22.1653
69.2	22.6678
69.3	22.8572
69.4	22.6472
69.5	22.4359
69.6	22.4715
69.7	22.1314
69.8	22.1745
69.9	22.1603
70	22.4391
70.1	21.3805
70.2	20.8076
70.3	20.3888
70.4	20.0452
70.5	20.0222
70.6	20.0903
70.7	20.2154
70.8	20.0825
70.9	19.852
71	19.6694
71.1	20.2063
71.2	20.4895
71.3	20.5807
71.4	20.5266
71.5	21.1251
71.6	21.6357
71.7	21.5553
71.8	20.9862
71.9	20.7769
72	20.7694
72.1	20.7008
72.2	20.552
72.3	20.5443
72.4	20.681
72.5	20.8956
72.6	20.6376
72.7	20.8652
72.8	21.3155
72.9	21.7109
73	21.8684
73.1	21.6648
73.2	21.8821
73.3	21.9315
73.4	23.021
73.5	24.1194
73.6	24.9173
73.7	25.3352
73.8	25.5609
73.9	25.5605
74	25.7752
74.1	25.6964
74.2	25.6501
74.3	25.8027
74.4	25.0249
74.5	23.7361
74.6	22.7431
74.7	21.741
74.8	21.5647
74.9	21.5292
75	21.4839
75.1	21.5438
75.2	21.3369
75.3	21.4879
75.4	21.5131
75.5	21.5316
75.6	21.4243
75.7	21.7595
75.8	21.4757
75.9	21.5372
76	21.312
76.1	21.3853
76.2	21.929
76.3	22.7365
76.4	23.2178
76.5	23.467
76.6	23.3803
76.7	23.4254
76.8	23.8878
76.9	23.5638
77	23.4667
77.1	23.3875
77.2	23.2582
77.3	23.5153
77.4	23.2251
77.5	23.3132
77.6	23.2814
77.7	23.1951
77.8	22.739
77.9	22.5575
78	22.6902
78.1	22.7153
78.2	22.902
78.3	22.0805
78.4	21.9791
78.5	21.8236
78.6	21.9026
78.7	21.912
78.8	21.8143
78.9	22.0724
79	21.8375
79.1	22.4029
79.2	24.5935
79.3	25.2737
79.4	26.4707
79.5	26.3884
79.6	26.5791
79.7	27.1571
79.8	27.5085
79.9	27.9747
80	27.7218
80.1	27.6126
80.2	25.6488
80.3	24.5515
80.4	23.3444
80.5	23.5606
80.6	23.5541
80.7	22.7365
80.8	22.5173
80.9	21.9799
81	22.53
81.1	22.3418
81.2	21.9877
81.3	22.1752
81.4	21.9227
81.5	21.8174
81.6	21.5052
81.7	21.9247
81.8	21.9731
81.9	21.8769
82	21.8352
82.1	21.8584
82.2	21.7852
82.3	21.6196
82.4	21.6908
82.5	20.923
82.6	20.7961
82.7	20.1398
82.8	19.6232
82.9	19.8155
83	19.8513
83.1	20.0811
83.2	19.9466
83.3	19.7198
83.4	19.921
83.5	20.3876
83.6	20.3271
83.7	20.338
83.8	20.2192
83.9	20.1888
84	19.9355
84.1	19.6426
84.2	19.8196
84.3	19.9645
84.4	19.7074
84.5	19.7682
84.6	19.8327
84.7	19.641
84.8	20.5537
84.9	22.0246
85	23.2084
85.1	24.0117
85.2	24.2443
85.3	24.3748
85.4	24.6244
85.5	24.5614
85.6	25.1968
85.7	25.3678
85.8	25.3743
85.9	24.8381
86	23.9271
86.1	23.2861
86.2	22.8576
86.3	22.8291
86.4	22.5764
86.5	22.3337
86.6	21.539
86.7	21.4875
86.8	20.9202
86.9	20.3129
87	20.7931
87.1	20.4487
87.2	20.5795
87.3	20.8739
87.4	20.9381
87.5	21.1266
87.6	21.2955
87.7	21.7589
87.8	22.3794
87.9	22.4238
88	21.9243
88.1	21.9918
88.2	22.1042
88.3	22.0588
88.4	22.047
88.5	21.9255
88.6	22.11
88.7	22.5246
88.8	22.3035
88.9	22.9462
89	23.167
89.1	23.6417
89.2	23.9174
89.3	23.7554
89.4	23.6925
89.5	23.5286
89.6	23.4763
89.7	23.5368
89.8	23.8474
89.9	22.8601
90	22.4173
90.1	21.7952
90.2	21.7474
90.3	21.9586
90.4	22.2229
90.5	23.9364
90.6	26.0345
90.7	27.6616
90.8	28.77
90.9	30.6427
91	32.1188
91.1	32.784
91.2	33.4614
91.3	33.6056
91.4	33.9409
91.5	33.71
91.6	33.125
91.7	32.7546
91.8	32.3866
91.9	31.4895
92	30.9693
92.1	31.7189
92.2	32.1693
92.3	33.2362
92.4	33.5919
92.5	33.4352
92.6	32.8646
92.7	31.9535
92.8	31.3838
92.9	30.9784
93	30.9852
93.1	30.3774
93.2	29.6333
93.3	28.2549
93.4	28.1652
93.5	29.0537
93.6	31.7843
93.7	34.2881
93.8	36.0396
93.9	36.9944
94	36.9957
94.1	36.5466
94.2	36.4307
94.3	36.7479
94.4	36.7842
94.5	36.3386
94.6	34.4911
94.7	32.3582
94.8	30.6068
94.9	29.7245
95	28.8066
95.1	28.4747
95.2	27.9633
95.3	28.7107
95.4	29.4062
95.5	29.766
95.6	29.111
95.7	28.3607
95.8	27.8783
95.9	27.0898
96	27.1086
96.1	27.1063
96.2	27.2992
96.3	26.6185
96.4	26.1305
96.5	25.3297
96.6	25.7396
96.7	25.8913
96.8	26.7056
96.9	27.5158
97	27.7109
97.1	27.7669
97.2	28.0661
97.3	28.2707
97.4	27.7789
97.5	27.4886
97.6	26.8721
97.7	28.442
97.8	28.8826
97.9	28.6464
98	28.8645
98.1	29.5163
98.2	29.806
98.3	29.818
98.4	30.7459
98.5	31.3639
98.6	32.0492
98.7	32.0013
98.8	31.3527
98.9	31.2088
99	31.3011
99.1	31.0389
99.2	31.0461
99.3	31.1627
99.4	30.0502
99.5	29.3008
99.6	28.6405
99.7	27.0798
99.8	26.3591
99.9	25.8943
100	25.3841
100.1	25.385
100.2	25.1169
100.3	24.3454
100.4	24.4644
100.5	24.9865
100.6	25.6724
100.7	26.0116
100.8	26.2414
100.9	26.6663
101	27.1907
101.1	27.7605
101.2	28.7694
101.3	29.2142
101.4	29.0364
101.5	28.2886
101.6	27.8419
101.7	27.5085
101.8	27.262
101.9	27.0915
102	28.7059
102.1	30.2746
102.2	30.4412
102.3	31.3199
102.4	32.2253
102.5	33.5592
102.6	34.6103
102.7	35.2667
102.8	35.7388
102.9	36.3486
103	35.4376
103.1	33.7887
103.2	32.5969
103.3	31.3055
103.4	31.0545
103.5	30.611
103.6	29.8373
103.7	29.8416
103.8	30.0592
103.9	30.3961
104	30.9692
104.1	31.3134
104.2	31.2721
104.3	31.3697
104.4	30.841
104.5	30.8423
104.6	30.4692
104.7	30.2806
104.8	30.849
104.9	30.6671
105	30.1423
105.1	29.9371
105.2	30.4771
105.3	30.3451
105.4	30.6483
105.5	30.3402
105.6	30.3242
105.7	30.0906
105.8	29.6952
105.9	29.5587
106	29.4727
106.1	29.5508
106.2	29.3645
106.3	30.129
106.4	30.0766
106.5	29.6238
106.6	29.2597
106.7	29.1146
106.8	28.882
106.9	28.7541
107	28.5196
107.1	28.4884
107.2	29.1601
107.3	29.6446
107.4	30.0421
107.5	30.5368
107.6	30.9528
107.7	31.5206
107.8	32.0991
107.9	32.6154
108	32.7587
108.1	32.8676
108.2	32.4216
108.3	31.8041
108.4	31.7821
108.5	32.2893
108.6	32.6124
108.7	33.4224
108.8	33.7873
108.9	33.4969
109	33.1591
109.1	33.5628
109.2	33.8571
109.3	33.9988
109.4	33.4269
109.5	33.0079
109.6	33.1243
109.7	32.6745
109.8	32.2072
109.9	32.1132
110	32.7552
110.1	32.2126
110.2	31.4953
110.3	30.722
110.4	30.0456
110.5	29.41
110.6	29.6588
110.7	29.7076
110.8	29.5092
110.9	29.2586
111	28.4664
111.1	27.7723
111.2	27.7663
111.3	27.9956
111.4	28.5008
111.5	29.3376
111.6	29.2738
111.7	28.6352
111.8	28.21
111.9	28.3064
112	28.6521
112.1	29.2013
112.2	29.0769
112.3	29.0389
112.4	28.8585
112.5	30.6403
112.6	31.6202
112.7	31.813
112.8	31.8933
112.9	32.1721
113	32.0404
113.1	32.3261
113.2	32.499
113.3	32.8311
113.4	34.5928
113.5	34.8526
113.6	34.3083
113.7	35.2118
113.8	36.179
113.9	36.4795
114	37.3692
114.1	38.1828
114.2	38.895
114.3	39.4312
114.4	38.9774
114.5	37.9391
114.6	37.963
114.7	37.7223
114.8	36.9671
114.9	36.8539
115	37.1837
115.1	36.2486
115.2	35.9288
115.3	35.854
115.4	35.3992
115.5	34.6867
115.6	33.9345
115.7	32.7852
115.8	33.1027
115.9	32.8225
116	32.0693
116.1	32.3608
116.2	32.2629
116.3	32.1082
116.4	32.8128
116.5	33.7787
116.6	34.1482
116.7	34.4598
116.8	34.5532
116.9	34.8324
117	34.3581
117.1	34.0394
117.2	34.7714
117.3	35.3638
117.4	35.7241
117.5	35.361
117.6	35.2768
117.7	35.6133
117.8	35.6991
117.9	35.4476
118	35.5875
118.1	35.6265
118.2	35.1258
118.3	34.8357
118.4	34.2857
118.5	33.5716
118.6	32.9977
118.7	32.4842
118.8	32.2621
118.9	31.7559
119	30.9557
119.1	31.17
119.2	32.2923
119.3	33.3287
119.4	33.4164
119.5	33.5994
119.6	34.2198
119.7	35.654
119.8	36.8114
119.9	37.9355
120	38.5859
120.1	39.2966
120.2	38.8767
120.3	37.4622
120.4	36.7675
120.5	36.9159
120.6	37.2519
120.7	36.3847
120.8	34.738
120.9	33.7244
121	33.7174
121.1	33.2553
121.2	32.6729
121.3	32.768
121.4	32.8983
121.5	32.7124
121.6	32.364
121.7	32.1211
121.8	32.1269
121.9	31.8488
122	32.3528
122.1	33.1516
122.2	33.9395
122.3	34.7578
122.4	34.6775
122.5	34.6014
122.6	34.6278
122.7	34.6107
122.8	34.5102
122.9	35.1361
123	35.0974
123.1	34.137
123.2	33.624
123.3	32.3593
123.4	32.3948
123.5	32.602
123.6	32.4442
123.7	32.4997
123.8	32.4401
123.9	32.2144
124	31.7541
124.1	31.8937
124.2	31.208
124.3	31.1146
124.4	31.3433
124.5	31.1492
124.6	30.3106
124.7	29.6627
124.8	30.4825
124.9	32.4287
125	33.5848
125.1	34.2546
125.2	35.0448
125.3	36.5703
125.4	37.1398
125.5	37.6408
125.6	38.5121
125.7	38.8686
125.8	38.8537
125.9	37.5396
126	37.1214
126.1	36.1538
126.2	36.0085
126.3	34.8944
126.4	34.0012
126.5	33.9486
126.6	33.4342
126.7	33.2407
126.8	32.7889
126.9	32.5524
127	32.1782
127.1	31.8351
127.2	31.3809
127.3	31.4438
127.4	31.9022
127.5	31.1253
127.6	30.8659
127.7	30.8466
127.8	30.9674
127.9	30.7706
128	30.2392
128.1	30.3242
128.2	30.2941
128.3	30.7481
128.4	30.4295
128.5	30.8298
128.6	31.3911
128.7	32.0522
128.8	32.1292
128.9	32.4012
129	32.4166
129.1	32.49
129.2	32.3816
129.3	31.462
129.4	31.4938
129.5	30.8595
129.6	30.6018
129.7	30.552
129.8	30.2394
129.9	29.5651
130	29.1111
130.1	28.9835
130.2	29.036
130.3	28.8476
130.4	28.1902
130.5	28.5654
130.6	31.6044
130.7	33.3535
130.8	34.5725
130.9	35.4034
131	36.3506
131.1	37.2612
131.2	37.9509
131.3	39.4132
131.4	39.9227
131.5	40.3622
131.6	38.7389
131.7	37.1306
131.8	36.5987
131.9	36.135
132	35.8972
132.1	35.8536
132.2	35.0296
132.3	34.0068
132.4	33.8815
132.5	33.7641
132.6	33.495
132.7	33.0859
132.8	32.504
132.9	32.2838
133	32.191
133.1	31.7093
133.2	31.3887
133.3	31.0517
133.4	31.2464
133.5	32.1477
133.6	32.7476
133.7	32.7029
133.8	32.6467
133.9	33.2589
134	33.6632
134.1	33.4976
134.2	33.6421
134.3	34.2378
134.4	34.8257
134.5	34.2524
134.6	33.6621
134.7	33.4859
134.8	34.0646
134.9	34.4368
135	34.2869
135.1	34.3715
135.2	34.4244
135.3	35.0218
135.4	36.211
135.5	37.0282
135.6	36.8246
135.7	37.4064
135.8	37.4203
135.9	37.5751
136	37.398
136.1	36.945
136.2	38.1883
136.3	39.8872
136.4	41.2052
136.5	41.8246
136.6	42.6441
136.7	43.6776
136.8	44.449
136.9	44.4461
137	45.2353
137.1	45.8706
137.2	45.7515
137.3	45.3161
137.4	43.6107
137.5	43.1277
137.6	42.7502
137.7	42.4209
137.8	42.4807
137.9	42.4871
138	42.1837
138.1	41.7942
138.2	41.3017
138.3	40.2519
138.4	39.8411
138.5	39.1187
138.6	38.6779
138.7	38.0243
138.8	36.932
138.9	36.4194
139	35.659
139.1	36.3295
139.2	37.606
139.3	39.0652
139.4	40.7756
139.5	41.2601
139.6	41.5824
139.7	41.7626
139.8	41.9083
139.9	42.294
140	42.4483
140.1	42.7516
140.2	42.3509
140.3	41.8212
140.4	40.5237
140.5	40.2842
140.6	40.3258
140.7	39.5316
140.8	38.6997
140.9	37.7784
141	37.6629
141.1	37.2477
141.2	36.3011
141.3	34.0323
141.4	32.5558
141.5	31.0044
141.6	29.9829
141.7	30.1503
141.8	30.2449
141.9	30.3983
142	33.94
142.1	36.1442
142.2	37.6354
142.3	38.5505
142.4	39.0075
142.5	39.8008
142.6	40.3864
142.7	40.4259
142.8	40.4955
142.9	40.6194
143	37.9298
143.1	35.2273
143.2	33.5178
143.3	33.4207
143.4	34.1969
143.5	34.4937
143.6	34.2269
143.7	34.5662
143.8	35.2917
143.9	36.0322
144	36.4466
144.1	37.4294
144.2	37.8185
144.3	38.2844
144.4	37.9621
144.5	37.563
144.6	37.7623
144.7	37.4995
144.8	37.1598
144.9	36.8238
145	36.5085
145.1	35.4096
145.2	34.6234
145.3	33.0649
145.4	32.0234
145.5	31.2598
145.6	30.1777
145.7	29.5888
145.8	29.1282
145.9	28.906
146	28.3466
146.1	28.635
146.2	28.9212
146.3	29.521
146.4	29.7894
146.5	30.2897
146.6	30.7583
146.7	31.4064
146.8	32.3241
146.9	33.1234
147	33.0237
147.1	32.5683
147.2	31.8108
147.3	32.0144
147.4	31.9837
147.5	31.3273
147.6	32.0326
147.7	36.0463
147.8	39.0438
147.9	41.7661
148	44.2598
148.1	45.9859
148.2	47.749
148.3	48.1966
148.4	48.4699
148.5	49.0504
148.6	49.071
148.7	46.6123
148.8	43.9248
148.9	40.2804
149	37.289
149.1	35.2273
149.2	33.7605
149.3	33.0887
149.4	32.7479
149.5	32.2915
149.6	32.117
149.7	32.1992
149.8	31.9141
149.9	31.7013
150	31.8173
150.1	32.2146
150.2	32.09
150.3	31.7485
150.4	31.8134
150.5	32.9763
150.6	33.4356
150.7	33.596
150.8	34.4218
150.9	34.9822
151	35.0987
151.1	35.4639
151.2	36.0774
151.3	36.1581
151.4	36.1496
151.5	35.6123
151.6	35.4323
151.7	35.1183
151.8	34.6005
151.9	34.3835
152	34.8599
152.1	34.2864
152.2	33.0856
152.3	32.4308
152.4	32.0093
152.5	31.5367
152.6	30.7516
152.7	29.8853
152.8	29.5627
152.9	30.1462
153	30.6583
153.1	31.3195
153.2	31.6694
153.3	32.4017
153.4	34.197
153.5	36.7078
153.6	39.2202
153.7	40.4933
153.8	40.9086
153.9	40.9587
154	40.6146
154.1	40.7859
154.2	41.9432
154.3	42.5503
154.4	42.5153
154.5	41.923
154.6	40.4937
154.7	39.7353
154.8	40.585
154.9	40.5736
155	41.2586
155.1	40.6418
155.2	39.6778
155.3	39.1593
155.4	38.025
155.5	37.1723
155.6	36.5676
155.7	36.9062
155.8	35.4939
155.9	35.183
156	33.617
156.1	32.7827
156.2	32.8729
156.3	33.3047
156.4	34.9838
156.5	35.13
156.6	34.7691
156.7	34.0967
156.8	34.0079
156.9	33.9628
157	34.8715
157.1	36.2029
157.2	36.5893
157.3	36.1806
157.4	34.3892
157.5	33.4851
157.6	33.9658
157.7	34.3628
157.8	35.0383
157.9	34.6387
158	33.8986
158.1	33.4241
158.2	35.3573
158.3	37.165
158.4	37.7179
158.5	37.5535
158.6	37.6542
158.7	37.1684
158.8	36.7509
158.9	37.0229
159	37.0697
159.1	39.9128
159.2	40.2059
159.3	39.9062
159.4	40.8723
159.5	41.9178
159.6	42.2583
159.7	43.2878
159.8	44.7061
159.9	45.3083
160	46.3265
160.1	44.5069
160.2	43.4514
160.3	42.962
160.4	42.1666
160.5	41.3925
160.6	41.4618
160.7	41.3247
160.8	39.6526
160.9	39.1762
161	38.7262
161.1	38.1501
161.2	37.1014
161.3	36.0553
161.4	35.3737
161.5	35.8978
161.6	35.4294
161.7	34.8004
161.8	35.3722
161.9	35.2055
162	35.5542
162.1	37.1698
162.2	38.4169
162.3	39.2324
162.4	40.0972
162.5	40.6399
162.6	40.6292
162.7	40.5291
162.8	40.0992
162.9	40.8794
163	41.3107
163.1	40.4522
163.2	39.6506
163.3	39.1891
163.4	39.115
163.5	38.5593
163.6	38.5633
163.7	38.4224
163.8	38.4527
163.9	38.2047
164	37.2783
164.1	36.7874
164.2	35.4551
164.3	34.88
164.4	35.307
164.5	36.1576
164.6	35.8719
164.7	35.5284
164.8	37.1964
164.9	40.4326
165	42.722
165.1	44.028
165.2	45.0727
165.3	46.4418
165.4	47.8804
165.5	48.9109
165.6	49.7951
165.7	50.641
165.8	50.9035
165.9	48.9249
166	46.7179
166.1	45.4365
166.2	45.2433
166.3	44.7863
166.4	42.5377
166.5	40.0713
166.6	38.7687
166.7	38.6298
166.8	37.5629
166.9	37.0769
167	37.2577
167.1	37.0719
167.2	37.1208
167.3	37.1774
167.4	37.0184
167.5	37.1368
167.6	37.1056
167.7	37.4374
167.8	38.6624
167.9	39.4348
168	40.4853
168.1	40.5248
168.2	40.6285
168.3	40.5319
168.4	40.7656
168.5	40.5143
168.6	41.2404
168.7	41.072
168.8	39.4938
168.9	38.352
169	36.7762
169.1	36.7537
169.2	36.517
169.3	36.0082
169.4	35.8061
169.5	35.7917
169.6	35.2029
169.7	34.6048
169.8	35.0608
169.9	34.603
170	34.7612
170.1	35.6392
170.2	35.2735
170.3	34.4328
170.4	34.3461
170.5	36.0191
170.6	38.2691
170.7	42.4106
170.8	44.4729
170.9	47.1862
171	49.0968
171.1	50.1728
171.2	51.0785
171.3	52.1066
171.4	52.5199
171.5	52.3714
171.6	52.1838
171.7	49.6823
171.8	47.8658
171.9	45.8692
172	44.4612
172.1	42.8685
172.2	42.8917
172.3	42.0977
172.4	41.6908
172.5	41.0323
172.6	39.9448
172.7	39.2797
172.8	38.7025
172.9	38.3959
173	38.9404
173.1	39.322
173.2	38.1333
173.3	38.1372
173.4	38.2547
173.5	39.0788
173.6	38.989
173.7	38.9993
173.8	39.3303
173.9	40.3174
174	40.4912
174.1	40.3112
174.2	40.7174
174.3	40.7565
174.4	41.3096
174.5	40.5308
174.6	40.1371
174.7	39.6594
174.8	39.4264
174.9	38.6735
175	37.3148
175.1	37.015
175.2	36.2551
175.3	36.6711
175.4	36.8566
175.5	36.9428
175.6	36.6389
175.7	36.6162
175.8	36.6785
175.9	36.6061
176	36.5935
176.1	36.0505
176.2	39.2475
176.3	43.61
176.4	46.2582
176.5	48.2709
176.6	49.017
176.7	49.7443
176.8	50.9536
176.9	51.294
177	52.2563
177.1	52.7344
177.2	51.6593
177.3	49.2433
177.4	46.6156
177.5	44.9435
177.6	44.4153
177.7	44.0461
177.8	43.1998
177.9	42.2939
178	41.2119
178.1	40.7196
178.2	39.9082
178.3	38.6897
178.4	37.8967
178.5	36.9529
178.6	37.1146
178.7	37.1519
178.8	36.5707
178.9	36.3227
179	36.1306
179.1	39.4284
179.2	41.6878
179.3	42.9704
179.4	43.6363
179.5	43.7347
179.6	44.1695
179.7	44.5472
179.8	44.4859
179.9	44.8571
180	45.4544
180.1	44.1079
180.2	42.3617
180.3	40.7221
180.4	39.8951
180.5	40.3905
180.6	40.0913
180.7	40.106
180.8	40.0768
180.9	39.6883
181	40.8412
181.1	41.4898
181.2	42.0677
181.3	41.9822
181.4	42.167
181.5	42.0128
181.6	42.2454
181.7	41.4348
181.8	40.7789
181.9	42.6911
182	45.2895
182.1	47.1036
182.2	48.6999
182.3	50.28
182.4	50.6146
182.5	51.3179
182.6	51.8796
182.7	53.3757
182.8	54.3138
182.9	54.6931
183	53.0268
183.1	50.2153
183.2	48.0232
183.3	46.2746
183.4	46.6305
183.5	46.4273
183.6	45.6016
183.7	44.4624
183.8	44.3873
183.9	43.5526
184	42.8377
184.1	42.742
184.2	42.2476
184.3	43.2211
184.4	43.7202
184.5	44.2481
184.6	44.0288
184.7	43.7974
184.8	44.6547
184.9	45.7005
185	47.2525
185.1	47.7692
185.2	48.6001
185.3	47.9601
185.4	48.8475
185.5	50.9371
185.6	51.7558
185.7	51.9143
185.8	51.5139
185.9	50.7527
186	49.1087
186.1	48.7579
186.2	47.7854
186.3	47.0835
186.4	45.1373
186.5	43.5589
186.6	43.7643
186.7	43.8133
186.8	42.9819
186.9	41.3858
187	40.3757
187.1	40.7125
187.2	44.2063
187.3	47.2648
187.4	48.3054
187.5	47.1317
187.6	46.2595
187.7	45.6523
187.8	46.0648
187.9	47.6617
188	51.0247
188.1	52.1783
188.2	50.1745
188.3	48.5188
188.4	47.7291
188.5	47.0102
188.6	46.3924
188.7	47.1015
188.8	48.862
188.9	51.1437
189	52.0366
189.1	53.9449
189.2	55.1445
189.3	57.1083
189.4	58.4978
189.5	60.5277
189.6	62.3902
189.7	63.8979
189.8	63.7208
189.9	63.2112
190	61.5547
190.1	60.0799
190.2	59.4952
190.3	58.6995
190.4	58.1551
190.5	57.0619
190.6	56.2035
190.7	55.7074
190.8	57.5998
190.9	58.7226
191	59.3996
191.1	59.9282
191.2	60.4396
191.3	59.9234
191.4	60.6267
191.5	60.4823
191.6	59.9736
191.7	58.9761
191.8	56.6803
191.9	53.5309
192	51.9075
192.1	50.7123
192.2	49.1243
192.3	47.8776
192.4	45.4373
192.5	44.5201
192.6	44.5806
192.7	44.9433
192.8	44.9736
192.9	45.0843
193	44.1206
193.1	43.0316
193.2	43.0944
193.3	43.0137
193.4	42.8803
193.5	42.2633
193.6	41.7592
193.7	41.4393
193.8	40.5798
193.9	39.838
194	38.6034
194.1	36.9846
194.2	35.4393
194.3	34.535
194.4	33.8752
194.5	36.3665
194.6	41.5433
194.7	44.8536
194.8	47.3323
194.9	49.6895
195	51.5256
195.1	54.1193
195.2	56.6708
195.3	58.747
195.4	60.2118
195.5	60.8531
195.6	59.222
195.7	57.6202
195.8	56.7964
195.9	55.7477
196	55.191
196.1	54.0402
196.2	52.2993
196.3	50.9034
196.4	51.5832
196.5	53.5952
196.6	53.943
196.7	54.9178
196.8	54.9017
196.9	54.3133
197	54.7518
197.1	54.6899
197.2	55.2788
197.3	55.6236
197.4	55.6351
197.5	54.0201
197.6	53.8661
197.7	53.0486
197.8	51.9411
197.9	51.7602
198	50.8788
198.1	50.5349
198.2	49.7537
198.3	49.5058
198.4	48.433
198.5	46.9804
198.6	45.2543
198.7	43.6845
198.8	42.9516
198.9	42.236
199	41.7039
199.1	41.0589
199.2	40.4472
199.3	39.9516
199.4	39.9289
199.5	38.1854
199.6	36.9374
199.7	35.7834
199.8	34.7093
199.9	33.9694
200	32.7621
200.1	31.7194
200.2	37.5201
200.3	43.6714
200.4	48.0829
200.5	52.9603
200.6	55.9645
200.7	59.418
200.8	61.8236
200.9	65.1601
201	67.6212
201.1	69.8011
201.2	69.179
201.3	67.8012
201.4	66.1151
201.5	63.9206
201.6	62.895
201.7	60.937
201.8	60.1822
201.9	58.0554
202	56.3488
202.1	56.2118
202.2	56.7484
202.3	58.0454
202.4	58.7748
202.5	59.3554
202.6	59.7338
202.7	60.4699
202.8	61.0767
202.9	61.4535
203	62.8189
203.1	62.674
203.2	61.2301
203.3	58.4395
203.4	56.4275
203.5	54.8063
203.6	53.1545
203.7	51.237
203.8	49.0619
203.9	47.5927
204	45.7287
204.1	44.0137
204.2	44.2035
204.3	44.1754
204.4	44.1689
204.5	44.0104
204.6	44.1835
204.7	44.5014
204.8	44.4716
204.9	44.0708
205	43.8385
205.1	44.1073
205.2	42.9466
205.3	41.1641
205.4	39.5562
205.5	38.3113
205.6	36.6622
205.7	35.367
205.8	34.4287
205.9	37.5191
206	41.6531
206.1	46.0208
206.2	48.4551
206.3	52.2225
206.4	54.2505
206.5	56.124
206.6	58.0011
206.7	60.1073
206.8	61.4227
206.9	61.2918
207	60.3815
207.1	58.4435
207.2	57.5034
207.3	55.6884
207.4	55.0311
207.5	54.6298
207.6	53.8323
207.7	52.4693
207.8	52.8652
207.9	54.8693
208	55.6539
208.1	56.3054
208.2	56.7703
208.3	56.9544
208.4	57.0952
208.5	56.6514
208.6	56.7821
208.7	56.4779
208.8	55.5665
208.9	52.8688
209	51.0604
209.1	49.0051
209.2	46.8009
209.3	45.5139
209.4	43.9782
209.5	42.8382
209.6	41.3434
209.7	41.4758
209.8	42.5441
209.9	43.599
210	42.9459
210.1	43.5682
210.2	43.6995
210.3	43.215
210.4	43.1119
210.5	43.2045
210.6	43.051
210.7	42.2994
210.8	40.5501
210.9	38.8039
211	37.6798
211.1	35.5855
211.2	33.6511
211.3	32.2861
211.4	31.0184
211.5	29.5691
211.6	33.1358
211.7	39.5807
211.8	43.3644
211.9	45.55
212	48.9579
212.1	52.2018
212.2	54.8722
212.3	56.6492
212.4	59.7252
212.5	62.04
212.6	61.52
212.7	59.2912
212.8	57.8653
212.9	56.6517
213	55.2651
213.1	53.4288
213.2	52.4688
213.3	51.4305
213.4	48.6863
213.5	47.2338
213.6	50.1597
213.7	50.6257
213.8	51.4461
213.9	52.6665
214	53.1621
214.1	53.7814
214.2	54.531
214.3	55.9116
214.4	56.6036
214.5	57.3265
214.6	55.2348
214.7	55.4114
214.8	54.4901
214.9	52.8505
215	50.9635
215.1	49.0559
215.2	47.1943
215.3	45.4745
215.4	45.35
215.5	44.7389
215.6	45.5263
215.7	44.6017
215.8	44.1132
215.9	43.6431
216	43.7186
216.1	44.1282
216.2	43.7798
216.3	43.1936
216.4	42.4675
216.5	42.41
216.6	40.0625
216.7	38.341
216.8	37.2625
216.9	36.538
217	35.591
217.1	34.4145
217.2	33.7129
217.3	36.0326
217.4	42.833
217.5	47.5805
217.6	50.9272
217.7	54.1317
217.8	56.4222
217.9	57.5901
218	59.3078
218.1	62.0968
218.2	63.5754
218.3	63.8934
218.4	60.9244
218.5	57.956
218.6	56.126
218.7	53.9875
218.8	52.4751
218.9	51.833
219	50.306
219.1	47.5876
219.2	46.4713
219.3	48.2745
219.4	49.7075
219.5	50.8597
219.6	49.795
219.7	49.4023
219.8	49.5182
219.9	50.1521
220	51.6451
220.1	51.9357
220.2	53.1521
220.3	52.1405
220.4	51.2276
220.5	50.6109
220.6	51.765
220.7	51.8269
220.8	51.1435
220.9	50.123
221	48.7108
221.1	48.2992
221.2	47.2379
221.3	45.8995
221.4	45.6605
221.5	45.3523
221.6	44.0946
221.7	43.3241
221.8	42.5746
221.9	41.8675
222	41.0127
222.1	40.8901
222.2	41.1008
222.3	40.9385
222.4	39.3727
222.5	37.5142
222.6	37.1162
222.7	36.9374
222.8	36.8413
222.9	36.8945
223	39.1567
223.1	45.6184
223.2	49.7468
223.3	51.7117
223.4	54.7079
223.5	57.0984
223.6	58.7086
223.7	61.6764
223.8	63.6662
223.9	65.7518
224	65.9316
224.1	63.2136
224.2	61.6618
224.3	60.7219
224.4	59.0648
224.5	58.1866
224.6	58.4625
224.7	56.2508
224.8	55.2621
224.9	54.3114
225	57.234
225.1	58.6349
225.2	58.5825
225.3	60.7168
225.4	61.8577
225.5	61.9149
225.6	61.1639
225.7	61.4221
225.8	61.2148
225.9	60.819
226	57.5038
226.1	55.0896
226.2	54.7603
226.3	51.5935
226.4	49.0693
226.5	47.8393
226.6	46.6215
226.7	45.7617
226.8	46.7362
226.9	47.8604
227	49.8304
227.1	51.8753
227.2	52.6359
227.3	53.9528
227.4	54.7481
227.5	54.7017
227.6	55.2062
227.7	54.8734
227.8	53.7835
227.9	53.0468
228	51.6255
228.1	49.1616
228.2	46.3191
228.3	43.7897
228.4	41.718
228.5	40.5695
228.6	39.1969
228.7	40.035
228.8	43.7011
228.9	47.1047
229	48.5522
229.1	51.8464
229.2	54.5373
229.3	56.6052
229.4	58.9729
229.5	61.1182
229.6	62.6235
229.7	62.9796
229.8	61.8631
229.9	60.0994
230	59.463
230.1	57.8178
230.2	56.1586
230.3	55.1821
230.4	54.0192
230.5	52.3542
230.6	51.887
230.7	52.4172
230.8	54.5943
230.9	54.1434
231	53.4806
231.1	53.3374
231.2	52.7381
231.3	51.9722
231.4	51.4098
231.5	52.1276
231.6	51.5181
231.7	51.1956
231.8	48.2878
231.9	49.0224
232	49.693
232.1	49.1936
232.2	50.1812
232.3	50.7655
232.4	51.1691
232.5	51.2923
232.6	52.8311
232.7	53.6469
232.8	54.0764
232.9	53.6007
233	52.8447
233.1	53.1803
233.2	52.3534
233.3	51.8867
233.4	50.4531
233.5	48.8549
233.6	46.6355
233.7	44.998
233.8	43.9605
233.9	43.041
234	41.9945
234.1	39.4392
234.2	37.7672
234.3	35.9712
234.4	35.37
234.5	38.2446
234.6	43.3344
234.7	46.2775
234.8	48.7919
234.9	51.3874
235	54.741
235.1	58.0063
235.2	60.657
235.3	64.0092
235.4	66.3176
235.5	66.862
235.6	66.2206
235.7	66.7415
235.8	66.4498
235.9	65.5912
236	64.3097
236.1	63.3529
236.2	62.1257
236.3	59.705
236.4	59.6253
236.5	60.2717
236.6	60.1302
236.7	58.86
236.8	58.0123
236.9	57.2876
237	57.2876
237.1	57.9
237.2	59.4328
237.3	60.4768
237.4	60.388
237.5	58.7839
237.6	57.1034
237.7	56.8368
237.8	56.189
237.9	56.0591
238	54.6496
238.1	52.3978
238.2	50.1853
238.3	49.2508
238.4	48.7805
238.5	48.499
238.6	48.5362
238.7	47.1398
238.8	46.4087
238.9	45.6394
239	45.8731
239.1	45.7545
239.2	45.213
239.3	45.0091
239.4	43.9334
239.5	42.8201
239.6	41.6071
239.7	40.3811
239.8	40.2193
239.9	39.194
240	37.9545
240.1	37.1384
240.2	41.544
240.3	44.6201
240.4	48.8524
240.5	52.8824
240.6	56.0179
240.7	58.2353
240.8	59.8373
240.9	62.6563
241	65.3845
241.1	66.9502
241.2	66.0593
241.3	65.4137
241.4	63.3091
241.5	61.151
241.6	59.1869
241.7	57.4324
241.8	56.0331
241.9	53.7695
242	51.5051
242.1	51.1549
242.2	53.1884
242.3	52.9967
242.4	54.0353
242.5	53.9102
242.6	54.021
242.7	54.7982
242.8	55.4369
242.9	56.199
243	56.3009
243.1	56.2246
243.2	53.6959
243.3	53.1331
243.4	52.1146
243.5	51.7806
243.6	51.2184
243.7	50.229
243.8	49.1739
243.9	48.0526
244	47.289
244.1	47.266
244.2	47.4597
244.3	48.2642
244.4	48.6831
244.5	48.4772
244.6	48.4984
244.7	48.7767
244.8	48.4345
244.9	48.0795
245	48.4993
245.1	48.3322
245.2	46.9584
245.3	44.5755
245.4	41.6775
245.5	39.8295
245.6	37.8648
245.7	35.9805
245.8	34.7548
245.9	37.6397
246	42.5752
246.1	46.0259
246.2	49.5752
246.3	52.8495
246.4	56.6074
246.5	59.7596
246.6	63.2053
246.7	65.6157
246.8	67.8691
246.9	68.1163
247	67.7005
247.1	67.1806
247.2	66.2645
247.3	65.9731
247.4	64.74
247.5	63.4855
247.6	61.8767
247.7	61.2371
247.8	60.8921
247.9	63.2587
248	63.9356
248.1	64.6916
248.2	65.3441
248.3	64.5729
248.4	64.5513
248.5	64.5781
248.6	64.4498
248.7	64.188
248.8	64.5564
248.9	61.8636
249	60.1125
249.1	59.2734
249.2	58.0576
249.3	57.5982
249.4	56.7133
249.5	56.0434
249.6	55.8323
249.7	55.1478
249.8	53.9707
249.9	54.0023
250	53.0883
250.1	51.827
250.2	50.8217
250.3	49.9706
250.4	49.2995
250.5	48.7209
250.6	47.4466
250.7	47.1038
250.8	47.1765
250.9	45.6484
251	44.61
251.1	42.5122
251.2	41.229
251.3	39.7757
251.4	38.2566
251.5	36.7928
251.6	39.6468
251.7	42.9346
251.8	45.5442
251.9	48.1451
252	51.772
252.1	54.306
252.2	55.8075
252.3	57.5147
252.4	59.3707
252.5	61.525
252.6	61.8376
252.7	61.394
252.8	60.2223
252.9	58.7595
253	56.2196
253.1	55.4548
253.2	54.548
253.3	53.8227
253.4	52.9636
253.5	52.2534
253.6	55.0575
253.7	55.8309
253.8	57.3317
253.9	58.9844
254	59.4174
254.1	59.2766
254.2	60.4715
254.3	61.0684
254.4	61.0137
254.5	60.9711
254.6	57.626
254.7	55.7373
254.8	53.2641
254.9	50.8794
255	49.523
255.1	48.0334
255.2	45.9787
255.3	45.0256
255.4	45.5127
255.5	46.2347
255.6	46.9906
255.7	47.8782
255.8	50.587
255.9	51.6246
256	51.5307
256.1	51.9705
256.2	52.0994
256.3	51.2201
256.4	50.1841
256.5	48.4931
256.6	46.6902
256.7	44.5271
256.8	40.1087
256.9	37.3356
257	35.6114
257.1	33.3609
257.2	31.7759
257.3	34.0552
257.4	37.8925
257.5	42.0522
257.6	45.3268
257.7	48.9261
257.8	51.6085
257.9	53.6602
258	56.0543
258.1	58.6905
258.2	60.9664
258.3	61.8823
258.4	61.4363
258.5	59.8216
258.6	58.7226
258.7	57.4197
258.8	57.1853
258.9	56.7991
259	55.8727
259.1	54.2436
259.2	52.8423
259.3	53.3595
259.4	54.9216
259.5	56.9241
259.6	56.5525
259.7	56.499
259.8	55.8466
259.9	56.3618
260	56.9361
260.1	58.1678
260.2	59.2765
260.3	58.7347
260.4	57.6723
260.5	56.4542
260.6	56.5452
260.7	55.6936
260.8	54.4448
260.9	52.8401
261	52.0617
261.1	51.0014
261.2	50.3953
261.3	49.1868
261.4	47.9096
261.5	46.651
261.6	45.5206
261.7	45.6672
261.8	45.9033
261.9	45.8876
262	45.4445
262.1	45.3296
262.2	45.334
262.3	45.5207
262.4	44.6421
262.5	43.8404
262.6	43.0795
262.7	41.6324
262.8	40.4449
262.9	39.1634
263	38.6773
263.1	42.9349
263.2	47.6613
263.3	50.5931
263.4	52.7335
263.5	55.0471
263.6	56.9653
263.7	59.0408
263.8	61.5384
263.9	63.4993
264	65.2168
264.1	64.138
264.2	62.1342
264.3	60.9864
264.4	60.3786
264.5	58.8757
264.6	57.7566
264.7	56.1631
264.8	54.4684
264.9	53.3735
265	55.0495
265.1	56.1277
265.2	56.8979
265.3	56.3157
265.4	56.1381
265.5	56.9759
265.6	58.0332
265.7	59.5467
265.8	60.201
265.9	60.5964
266	58.4567
266.1	56.5567
266.2	54.9455
266.3	55.089
266.4	54.6773
266.5	53.7632
266.6	52.2863
266.7	50.7677
266.8	50.0478
266.9	49.9044
267	50.0201
267.1	50.7162
267.2	50.7891
267.3	49.425
267.4	48.442
267.5	47.6276
267.6	47.2914
267.7	46.4702
267.8	45.4968
267.9	45.1573
268	44.6697
268.1	42.0474
268.2	39.3812
268.3	37.7739
268.4	36.5847
268.5	35.4067
268.6	34.1028
268.7	35.0092
268.8	40.7097
268.9	45.9575
269	50.5977
269.1	53.5988
269.2	56.4151
269.3	59.2288
269.4	61.3476
269.5	63.7804
269.6	66.2922
269.7	67.9649
269.8	66.4562
269.9	65.0594
270	63.041
270.1	63.4439
270.2	62.8686
270.3	62.0738
270.4	61.3244
270.5	60.3254
270.6	59.3939
270.7	60.8239
270.8	63.5984
270.9	63.3716
271	63.4916
271.1	63.6069
271.2	64.0858
271.3	64.1193
271.4	64.7998
271.5	65.2783
271.6	65.4447
271.7	63.4049
271.8	60.7458
271.9	60.6228
272	59.7541
272.1	57.6742
272.2	57.0771
272.3	56.329
272.4	55.1829
272.5	54.511
272.6	54.3856
272.7	54.6142
272.8	54.4538
272.9	53.4382
273	53.7314
273.1	54.2405
273.2	53.4178
273.3	53.5435
273.4	53.6229
273.5	53.0819
273.6	52.4623
273.7	51.4937
273.8	50.6697
273.9	50.3444
274	48.7774
274.1	46.9492
274.2	45.5072
274.3	44.0392
274.4	43.067
274.5	45.6129
274.6	49.216
274.7	52.0813
274.8	54.9464
274.9	55.3886
275	56.2306
275.1	58.6126
275.2	60.2186
275.3	62.4982
275.4	64.042
275.5	64.8082
275.6	64.2102
275.7	63.4877
275.8	61.5772
275.9	60.9939
276	60.8189
276.1	59.4087
276.2	58.8746
276.3	57.5732
276.4	58.3755
276.5	58.2687
276.6	59.0713
276.7	59.5005
276.8	59.3868
276.9	59.8261
277	59.5301
277.1	60.3457
277.2	60.7407
277.3	61.9824
277.4	61.7935
277.5	61.18
277.6	59.797
277.7	59.2408
277.8	59.8046
277.9	59.2553
278	59.8757
278.1	58.7003
278.2	57.5945
278.3	57.0443
278.4	56.8381
278.5	56.5841
278.6	55.9197
278.7	55.2915
278.8	54.3947
278.9	54.5967
279	53.4103
279.1	52.9854
279.2	52.7793
279.3	51.4084
279.4	50.0759
279.5	48.7898
279.6	47.6157
279.7	45.6437
279.8	44.0103
279.9	42.0611
280	40.9102
280.1	39.5818
280.2	38.346
280.3	36.3388
280.4	33.2691
280.5	29.2985
280.6	25.4908
280.7	22.4413
280.8	19.6225
280.9	17.3256
281	14.6336
281.1	12.4286
281.2	10.3835
281.3	8.66204
281.4	7.43831
281.5	6.52404
281.6	5.65498
281.7	5.02358
281.8	4.46514
281.9	3.97908
282	3.54588
282.1	3.11818
282.2	2.67483
282.3	2.47263
282.4	2.25518
282.5	2.06375
282.6	1.90842
282.7	1.77193
282.8	1.75525
282.9	1.70677
283	1.79801
283.1	1.97761
283.2	1.92934
283.3	1.87666
283.4	1.84735
283.5	1.82931
283.6	1.81068
283.7	1.80549
283.8	1.76284
283.9	1.76522
284	1.74588
284.1	1.63486
284.2	1.61135
284.3	1.60014
284.4	1.59248
284.5	1.5845
284.6	1.56683
284.7	1.50418
284.8	1.40522
284.9	1.27181
285	0.999431
285.1	0.592944
285.2	0.577898
285.3	0.546661
285.4	0.528404
285.5	0.52297
285.6	0.689536
285.7	0.871847
285.8	1.03384
285.9	1.27422
286	1.52338
286.1	1.52373
286.2	1.52504
286.3	1.53426
286.4	1.54387
286.5	1.55865
286.6	1.58957
286.7	1.55183
